308
477
491
193
40
229
186
279
3
476
335
239
168
448
150
327
327
286
211
382
357
33
72
44
418
114
21
139
6
63
482
77
212
234
453
38
96
429
212
198
396
468
232
467
332
383
416
169
477
81
90
81
143
254
130
345
351
84
288
172
47
64
204
396
472
474
90
337
195
266
192
385
5
222
158
54
441
356
55
261
439
368
389
359
3
252
250
409
366
178
119
327
388
313
73
216
164
81
43
275
66
239
198
82
423
463
364
177
364
481
408
154
209
88
494
52
372
127
361
203
96
262
267
246
250
214
225
434
256
47
500
251
405
288
201
50
62
122
463
231
50
374
59
448
